13
2.20076680183 -2.9506149292 0.0 0.0 0.0 -0.585518671824 0.810658920228
3.70879745483 -3.7019879818 0.0 0.0 0.0 0.331622552995 0.943412148716
7.146941185 -2.80249428749 0.0 0.0 0.0 0.807250773412 0.590208597722
7.99674224854 -2.16643047333 0.0 0.0 0.0 0.461260714057 0.887264646917
10.0296077728 -1.71315550804 0.0 0.0 0.0 0.074468706694 0.997223350972
10.3293428421 -3.4658498764 0.0 0.0 0.0 -0.591214049066 0.806514691861
8.68588733673 -3.86315345764 0.0 0.0 0.0 0.871419842477 -0.490537927319
6.33261299133 -4.593085289 0.0 0.0 0.0 0.962557317779 -0.27107823592
4.6469039917 -5.15013027191 0.0 0.0 0.0 -0.635662365751 0.771967199283
3.94717669487 -8.5665178299 0.0 0.0 0.0 0.0250961466069 0.999685042114
4.01615858078 -10.9118471146 0.0 0.0 0.0 0.994421127787 -0.105482797698
2.9343521595 -7.88446807861 0.0 0.0 0.0 0.792438402037 0.609951948088
2.2704770565 -3.47599935532 0.0 0.0 0.0 0.632047502361 0.774929645038

