7
2.20076680183 -2.9506149292 0.0 0.0 0.0 -0.585518671824 0.810658920228
3.70879745483 -3.7019879818 0.0 0.0 0.0 0.331622552995 0.943412148716
7.146941185 -2.80249428749 0.0 0.0 0.0 0.807250773412 0.590208597722
7.99674224854 -2.16643047333 0.0 0.0 0.0 0.461260714057 0.887264646917
10.0296077728 -1.71315550804 0.0 0.0 0.0 0.074468706694 0.997223350972
10.3293428421 -3.4658498764 0.0 0.0 0.0 -0.591214049066 0.806514691861
8.68588733673 -3.86315345764 0.0 0.0 0.0 0.871419842477 -0.490537927319



